receptor = 8hqg_charged_prepared.pdbqt

center_x = -22.452500343322754
center_y = -16.16099977493286
center_z = 8.653000116348267
size_x   = 7.330999374389648
size_y   = 10.588000297546387
size_z   = 7.682000637054443

cpu = 1

exhaustiveness = 32
num_modes = 8
