receptor = /home/kbui/SARS_COV_2/data/8hqg_charged_prepared.pdbqt

center_x = -3.4629993438720703
center_y = -0.7770004272460938
center_z = 18.619999408721924
size_x   = 46.70800018310547
size_y   = 41.35599899291992
size_z   = 35.09799861907959

cpu = 1

exhaustiveness = 32
num_modes = 8
